0.1 0.0895 0.6447 0.1184 0.0474 
0.1805 0.0526 0.6842 0.0451 0.0376 
0.0718 0.0667 0.7795 0.0359 0.0462 
0.193 0.0316 0.693 0.0475 0.0348 
0.2482 0.1277 0.2979 0.1064 0.2199 
0.2587 0.2935 0.2139 0.1592 0.0746 
0.1663 0.1116 0.2276 0.116 0.3786 
0.0734 0.4759 0.0419 0.1992 0.2096 
0.5469 0.0838 0.2335 0.0998 0.0359 
0.1468 0.4801 0.1195 0.1258 0.1279 
0.1483 0.116 0.1331 0.0913 0.5114 
0.2065 0.2 0.3 0.1674 0.1261 
0.1842 0.1692 0.1748 0.2876 0.1842 
0.2247 0.2026 0.0969 0.141 0.3348 
0.222 0.2176 0.2989 0.0593 0.2022 
0.235 0.2893 0.1437 0.1903 0.1417 
0.1465 0.3661 0.1098 0.2243 0.1533 
0.235 0.1863 0.0599 0.3104 0.2084 
0.5473 0.2254 0.1046 0.0845 0.0382 
0.1849 0.1667 0.0913 0.3379 0.2192 
0.2576 0.2074 0.107 0.3493 0.0786 
0.3241 0.1107 0.3043 0.0909 0.17 
0.4018 0.1148 0.1611 0.2119 0.1104 
0.3451 0.291 0.1511 0.1101 0.1026 
0.7837 0.0486 0.0773 0.0331 0.0574 
0.1493 0.3929 0.1965 0.1198 0.1415 
0.2577 0.0969 0.0507 0.5639 0.0308 
0.1914 0.3153 0.1847 0.1464 0.1622 
0.4235 0.2075 0.0503 0.2872 0.0314 
0.2892 0.3422 0.053 0.234 0.0817 
0.3772 0.3374 0.0882 0.1678 0.0294 
0.1632 0.1612 0.124 0.3099 0.2417 
0.2247 0.2599 0.1542 0.0925 0.2687 
0.1073 0.1845 0.1352 0.3348 0.2382 
0.2549 0.3187 0.178 0.0989 0.1495 
0.351 0.3653 0.0469 0.0959 0.1408 
0.167 0.5177 0.0752 0.0543 0.1858 
0.042 0.4601 0.0231 0.3487 0.1261 
0.2045 0.3455 0.0432 0.1818 0.225 
0.0222 0.3644 0.16 0.3133 0.14 
0.0543 0.6609 0.0457 0.0739 0.1652 
0.0749 0.6788 0.0343 0.0407 0.1713 
0.1883 0.3658 0.1061 0.1169 0.2229 
0.0996 0.5819 0.0398 0.0929 0.1858 
0.1965 0.4782 0.0328 0.0786 0.214 
0.0655 0.2008 0.0529 0.5899 0.0909 
0.1503 0.1482 0.0772 0.309 0.3152 
0.1128 0.5596 0.0213 0.1745 0.1319 
0.0962 0.3054 0.0523 0.4351 0.1109 
0.1414 0.3493 0.0187 0.2827 0.2079 
0.1313 0.5842 0.0175 0.0481 0.2188 
0.1045 0.6674 0.0192 0.0682 0.1407 
0.1641 0.5543 0.0266 0.0399 0.2151 
0.1699 0.5742 0.0344 0.0237 0.1978 
0.1099 0.509 0.0359 0.0964 0.2489 
0.3299 0.3382 0.1002 0.1754 0.0564 
0.0354 0.2563 0.0292 0.6063 0.0729 
0.1022 0.5 0.0261 0.1761 0.1957 
0.1904 0.5558 0.0306 0.1182 0.105 
0.1123 0.2394 0.1525 0.4407 0.0551 
0.0432 0.25 0.0659 0.0727 0.5682 
0.1033 0.5516 0.044 0.1407 0.1604 
0.1212 0.5476 0.0411 0.0779 0.2121 
0.0861 0.4084 0.0287 0.2296 0.2472 
0.0681 0.6553 0.0511 0.1383 0.0872 
0.0362 0.4165 0.0302 0.4708 0.0463 
0.0979 0.566 0.0319 0.1596 0.1447 
0.217 0.2766 0.1128 0.1702 0.2234 
0.0737 0.4401 0.1751 0.1037 0.2074 
0.3114 0.3377 0.0526 0.2741 0.0241 
0.1627 0.4518 0.0257 0.3169 0.0428 
0.134 0.0718 0.5263 0.11 0.1579 
0.2143 0.2746 0.0737 0.2031 0.2344 
0.1137 0.4295 0.1242 0.1158 0.2168 
0.1382 0.2719 0.1083 0.3041 0.1774 
0.3625 0.239 0.0936 0.1135 0.1912 
0.5294 0.0871 0.0784 0.2658 0.0392 
0.2998 0.0961 0.0435 0.27 0.2906 
0.2797 0.1886 0.0212 0.3072 0.2034 
0.2029 0.3117 0.0607 0.2636 0.1611 
0.2364 0.1247 0.1299 0.2312 0.2779 
0.0746 0.5736 0.0768 0.1215 0.1535 
0.2605 0.0795 0.053 0.1413 0.4658 
0.4387 0.0882 0.1161 0.1849 0.172 
0.0603 0.3362 0.1616 0.1228 0.319 
0.4168 0.0601 0.0381 0.3186 0.1663 
0.5156 0.1089 0.0644 0.12 0.1911 
0.0349 0.3777 0.19 0.1594 0.238 
0.1146 0.0339 0.0703 0.0833 0.6979 
0.0531 0.3186 0.1792 0.2367 0.2124 
0.1039 0.0267 0.0415 0.1691 0.6588 
0.0988 0.0808 0.0299 0.0838 0.7066 
0.0422 0.062 0.072 0.1266 0.6973 
0.093 0.0366 0.0704 0.0901 0.7099 
0.0364 0.1529 0.0607 0.1019 0.6481 
0.025 0.095 0.0425 0.115 0.7225 
0.0254 0.0614 0.0297 0.0424 0.8411 
0.0605 0.0974 0.0395 0.1132 0.6895 
0.0155 0.0426 0.0251 0.0735 0.8433 
0.0751 0.1126 0.0134 0.0804 0.7185 
0.0212 0.0911 0.0212 0.0297 0.8369 
0.0272 0.0444 0.0469 0.0395 0.842 
0.1455 0.0591 0.3886 0.3114 0.0955 
0.5187 0.1978 0.156 0.0923 0.0352 
0.0672 0.0265 0.5275 0.3646 0.0143 
0.0778 0.1641 0.0238 0.6523 0.0821 
0.2505 0.2286 0.0462 0.3385 0.1363 
0.155 0.1441 0.1004 0.548 0.0524 
0.4541 0.3257 0.0344 0.0505 0.1353 
0.0364 0.051 0.0437 0.0364 0.8325 
0.0272 0.0395 0.0543 0.0444 0.8346 
0.0868 0.0658 0.0579 0.1421 0.6474 
0.0155 0.0464 0.0193 0.058 0.8607 
0.0855 0.0204 0.5031 0.3707 0.0204 
0.0875 0.1 0.5125 0.0625 0.2375 
0.0633 0.0759 0.519 0.1013 0.2405 
0.1719 0.0498 0.5339 0.1312 0.1131 
0.2236 0.1179 0.4593 0.0935 0.1057 
0.2809 0.0596 0.4362 0.1404 0.083 
0.1656 0.0566 0.0915 0.6187 0.0675 
0.1123 0.1274 0.0281 0.6242 0.108 
0.0835 0.3448 0.0385 0.3812 0.152 
0.0931 0.3247 0.0584 0.3074 0.2165 
0.0273 0.3676 0.0378 0.4958 0.0714 
0.1074 0.0785 0.0393 0.7169 0.0579 
0.5554 0.0345 0.1706 0.1688 0.0708 
0.0524 0.4919 0.127 0.1653 0.1633 
0.2317 0.2317 0.1422 0.0734 0.3211 
0.156 0.3165 0.0747 0.1956 0.2571 
0.0189 0.5157 0.1929 0.1803 0.0922 
0.0259 0.493 0.1517 0.1138 0.2156 
0.1349 0.4133 0.0493 0.1713 0.2313 
0.3015 0.2703 0.052 0.2723 0.104 
0.2263 0.3849 0.1702 0.0948 0.1238 
0.0536 0.2188 0.0469 0.5156 0.1652 
0.0316 0.5579 0.0505 0.1179 0.2421 
0.0644 0.4067 0.1333 0.1933 0.2022 
0.0674 0.4421 0.0653 0.24 0.1853 
0.2817 0.3603 0.1354 0.0917 0.131 
0.0786 0.3472 0.0415 0.4083 0.1245 
0.14 0.3042 0.1028 0.372 0.081 
0.239 0.2222 0.1782 0.2579 0.1027 
0.3692 0.178 0.0462 0.3473 0.0593 
0.2052 0.2203 0.0432 0.2873 0.2441 
0.0702 0.2066 0.0537 0.6446 0.0248 
0.0667 0.0438 0.0354 0.7771 0.0771 
0.0854 0.0732 0.561 0.061 0.2195 
0.1496 0.063 0.5039 0.126 0.1575 
0.2378 0.049 0.5874 0.0769 0.049 
0.3367 0.3206 0.121 0.1694 0.0524 
0.0551 0.2753 0.0793 0.3965 0.1938 
0.2121 0.2973 0.1746 0.104 0.2121 
0.1381 0.3077 0.0375 0.1223 0.3945 
0.0537 0.0992 0.031 0.781 0.0351 
0.0769 0.0897 0.5 0.0897 0.2436 
0.2689 0.4363 0.0737 0.1056 0.1155 
0.0791 0.2949 0.0385 0.4103 0.1774 
0.0824 0.0824 0.5412 0.0706 0.2235 
0.061 0.0854 0.5732 0.0732 0.2073 
0.1371 0.0914 0.5143 0.1429 0.1143 
0.4105 0.2274 0.0695 0.1684 0.1242 
0.4394 0.1591 0.0404 0.3088 0.0523 
0.1469 0.3153 0.121 0.0994 0.3175 
0.1058 0.2575 0.1178 0.0778 0.4411 
0.0953 0.2062 0.0621 0.4346 0.2018 
0.1009 0.3349 0.0275 0.2133 0.3234 
0.1438 0.4485 0.0236 0.2425 0.1416 
0.1099 0.1839 0.074 0.361 0.2713 
0.4289 0.1464 0.1608 0.0474 0.2165 
0.1178 0.242 0.06 0.3191 0.2612 
0.0696 0.4739 0.2348 0.0891 0.1326 
0.465 0.1724 0.0862 0.1867 0.0898 
0.0738 0.226 0.1432 0.1924 0.3647 
0.0591 0.3299 0.3096 0.1405 0.1609 
0.1838 0.2444 0.1192 0.1253 0.3273 
0.1283 0.2648 0.0285 0.3727 0.2057 
0.0407 0.0631 0.0285 0.7352 0.1324 
0.0824 0.2299 0.0456 0.3948 0.2473 
0.1868 0.1663 0.0934 0.3736 0.18 
0.086 0.366 0.196 0.052 0.3 
0.0476 0.0635 0.627 0.1111 0.1508 
0.2793 0.0447 0.3073 0.2123 0.1564 
0.0792 0.1131 0.3439 0.2647 0.1991 
0.2603 0.3015 0.1453 0.0477 0.2451 
0.058 0.0317 0.0501 0.0528 0.8074 
0.0612 0.0239 0.0638 0.0612 0.7899 
0.086 0.2043 0.1914 0.0559 0.4624 
0.1391 0.2009 0.1634 0.2539 0.2428 
0.4898 0.1309 0.1535 0.1174 0.1084 
0.343 0.1292 0.2405 0.1359 0.1514 
0.0852 0.578 0.0353 0.1538 0.1476 
0.1152 0.2565 0.0913 0.2891 0.2478 
0.1237 0.2964 0.032 0.4563 0.0917 
0.1151 0.0607 0.0293 0.7406 0.0544 
0.044 0.17 0.086 0.548 0.152 
0.1226 0.3978 0.0946 0.1634 0.2215 
0.1532 0.4431 0.0538 0.1056 0.2443 
0.0665 0.0464 0.0181 0.8105 0.0585 
0.048 0.0939 0.048 0.7933 0.0167 
0.0703 0.161 0.093 0.2585 0.4172 
0.1534 0.1309 0.1922 0.0941 0.4294 
0.2188 0.2937 0.215 0.144 0.1286 
0.2004 0.1964 0.0417 0.2639 0.2976 
0.2457 0.2909 0.0151 0.4181 0.0302 
0.0897 0.6076 0.0404 0.1099 0.1525 
0.1277 0.6277 0.0303 0.1494 0.0649 
0.1017 0.4301 0.0826 0.2627 0.1229 
0.0665 0.3927 0.1159 0.1888 0.2361 
0.1063 0.1896 0.1104 0.1646 0.4292 
0.0343 0.2823 0.0968 0.1532 0.4335 
0.0573 0.569 0.0318 0.293 0.0488 
0.028 0.653 0.0474 0.2004 0.0711 
0.0489 0.1202 0.0285 0.776 0.0265 
0.0591 0.2638 0.0236 0.6378 0.0157 
0.0338 0.1895 0.0169 0.743 0.0169 
0.0256 0.1693 0.0177 0.7677 0.0197 
0.0315 0.2283 0.0354 0.6398 0.065 
0.318 0.3201 0.1151 0.2092 0.0377 
0.3884 0.3546 0.0578 0.1574 0.0418 
0.3367 0.4148 0.0802 0.1363 0.0321 
0.207 0.3028 0.1155 0.1176 0.2571 
0.0245 0.2306 0.0204 0.6265 0.098 
0.0378 0.1324 0.0399 0.687 0.1029 
0.0817 0.1965 0.0584 0.642 0.0214 
0.0998 0.4469 0.0369 0.1518 0.2646 
0.0707 0.1051 0.0263 0.7535 0.0444 
0.1175 0.0969 0.0371 0.7216 0.0268 
0.0604 0.2931 0.0403 0.2796 0.3266 
0.2267 0.2045 0.0324 0.498 0.0385 
0.2398 0.2882 0.0832 0.2456 0.1431 
0.1211 0.3397 0.1758 0.1164 0.247 
0.2214 0.2119 0.2119 0.2452 0.1095 
0.116 0.5558 0.0328 0.2166 0.0788 
0.117 0.5426 0.034 0.2149 0.0915 
0.1473 0.4732 0.0446 0.2054 0.1295 
0.2135 0.4684 0.0327 0.1503 0.1351 
0.1217 0.237 0.2065 0.1239 0.3109 
0.063 0.521 0.0987 0.105 0.2122 
0.1218 0.4076 0.063 0.2437 0.1639 
0.1867 0.3638 0.0495 0.08 0.32 
0.324 0.296 0.068 0.124 0.188 
0.2414 0.1207 0.0668 0.5366 0.0345 
0.4212 0.1731 0.0558 0.2423 0.1077 
0.1996 0.2722 0.1573 0.3387 0.0323 
0.3068 0.0682 0.4773 0.0795 0.0682 
0.1858 0.272 0.1494 0.3199 0.0728 
0.3738 0.2664 0.1392 0.1769 0.0437 
0.0745 0.2551 0.0474 0.0451 0.5779 
0.125 0.0523 0.1409 0.3909 0.2909 
0.1579 0.0389 0.1213 0.3455 0.3364 
0.0419 0.1123 0.033 0.1101 0.7026 
0.191 0.0337 0.4382 0.0899 0.2472 
0.0749 0.1618 0.0386 0.0314 0.6932 
0.0747 0.0799 0.0644 0.1211 0.6598 
0.0328 0.6937 0.0241 0.0547 0.1947 
0.1861 0.6147 0.0303 0.0736 0.0952 
0.2169 0.4669 0.0455 0.2293 0.0413 
0.181 0.1238 0.4 0.1333 0.1619 
0.1228 0.5548 0.0746 0.1316 0.1162 
0.0887 0.6645 0.0281 0.158 0.0606 
0.037 0.6448 0.0431 0.0801 0.1951 
0.0617 0.6322 0.0529 0.141 0.1123 
0.1099 0.5776 0.0366 0.2263 0.0496 
0.4307 0.1277 0.0866 0.3117 0.0433 
0.1496 0.1197 0.047 0.6368 0.047 
0.2283 0.0973 0.0507 0.6004 0.0233 
0.182 0.2548 0.3233 0.212 0.0278 
0.2213 0.1809 0.1 0.3574 0.1404 
0.2478 0.2435 0.0609 0.3848 0.063 
0.1909 0.3983 0.1598 0.0311 0.2199 
0.1375 0.1818 0.2239 0.0687 0.388 
0.0828 0.2244 0.0959 0.1285 0.4684 
0.4741 0.1178 0.0259 0.3161 0.0661 
0.3212 0.3417 0.1185 0.139 0.0797 
0.1362 0.1737 0.2676 0.0516 0.3709 
0.1148 0.1311 0.2482 0.0632 0.4426 
0.2303 0.2081 0.0646 0.1939 0.303 
0.1448 0.3075 0.1925 0.0853 0.2698 
0.219 0.1095 0.1612 0.1467 0.3636 
0.1374 0.2347 0.3171 0.1163 0.1945 
0.1094 0.5952 0.0328 0.2079 0.0547 
0.0358 0.6611 0.0632 0.1916 0.0484 
0.0358 0.5928 0.0425 0.2192 0.1096 
0.1309 0.633 0.0343 0.1116 0.0901 
0.0847 0.6335 0.0466 0.1547 0.0805 
0.2426 0.2352 0.0389 0.4407 0.0426 
0.281 0.2345 0.0345 0.4276 0.0224 
0.304 0.0713 0.1719 0.4109 0.0419 
0.2554 0.0923 0.2103 0.2704 0.1717 
0.1979 0.2809 0.1255 0.2043 0.1915 
0.0721 0.2773 0.0415 0.2358 0.3734 
0.1343 0.2516 0.0469 0.2985 0.2687 
0.0751 0.6159 0.0199 0.1921 0.0971 
0.1132 0.6111 0.0235 0.1346 0.1175 
0.05 0.5391 0.0152 0.2413 0.1543 
0.0332 0.2345 0.0664 0.3496 0.3164 
0.0616 0.1975 0.0191 0.569 0.1529 
0.1404 0.2936 0.0234 0.3574 0.1851 
0.3377 0.3153 0.1716 0.1175 0.0578 
0.2585 0.2885 0.0427 0.3397 0.0705 
0.227 0.2355 0.1949 0.3105 0.0321 
0.0443 0.4044 0.0644 0.3078 0.1791 
0.0527 0.3101 0.0443 0.4346 0.1582 
0.042 0.14 0.072 0.702 0.044 
0.0693 0.1155 0.0147 0.7773 0.0231 
0.1429 0.0932 0.0186 0.7226 0.0228 
0.043 0.25 0.0254 0.623 0.0586 
0.0769 0.0791 0.0176 0.7758 0.0505 
0.1429 0.3304 0.05 0.2571 0.2196 
0.2271 0.1414 0.2311 0.2769 0.1235 
0.54 0.12 0.0578 0.1111 0.1711 
0.2485 0.1972 0.0434 0.4655 0.0454 
0.2916 0.3855 0.0431 0.2407 0.0391 
0.1919 0.4645 0.0269 0.2054 0.1113 
0.3314 0.179 0.1848 0.2343 0.0705 
0.3848 0.181 0.221 0.179 0.0343 
0.0581 0.3508 0.0504 0.374 0.1667 
0.1365 0.2505 0.0957 0.4338 0.0835 
0.0307 0.3659 0.0747 0.387 0.1418 
0.7577 0.0837 0.0815 0.0352 0.0419 
0.3204 0.0961 0.0664 0.2654 0.2517 
0.3008 0.1568 0.0191 0.2924 0.2309 
0.3386 0.3364 0.0409 0.1295 0.1545 
0.2693 0.0464 0.053 0.1943 0.4371 
0.0594 0.103 0.0218 0.7584 0.0574 
0.1011 0.4839 0.0559 0.2172 0.1419 
0.0771 0.5667 0.0292 0.1563 0.1708 
0.0819 0.4454 0.0126 0.2584 0.2017 
0.0907 0.5594 0.0194 0.1706 0.1598 
0.1088 0.4695 0.063 0.2137 0.145 
0.1705 0.3236 0.155 0.2771 0.0736 
0.134 0.3049 0.0544 0.1942 0.3126 
0.0538 0.4044 0.0299 0.2291 0.2829 
0.1449 0.3292 0.0704 0.2402 0.2153 
0.2467 0.3567 0.0911 0.2657 0.0398 
0.1725 0.4031 0.031 0.1609 0.2326 
0.5801 0.071 0.0852 0.1055 0.1582 
0.3873 0.0352 0.223 0.3122 0.0423 
0.7563 0.0437 0.1034 0.0644 0.0322 
0.0556 0.3244 0.1956 0.0622 0.3622 
0.0287 0.457 0.3648 0.0861 0.0635 
0.0435 0.4196 0.2391 0.2304 0.0674 
0.1085 0.4273 0.2798 0.0607 0.1236 
0.087 0.3413 0.2978 0.0783 0.1957 
0.6552 0.1703 0.0431 0.1034 0.028 
0.6504 0.1018 0.073 0.1504 0.0243 
0.5649 0.2403 0.0455 0.1234 0.026 
0.3131 0.0701 0.4533 0.0935 0.0701 
0.3697 0.2372 0.0919 0.2308 0.0705 
0.4525 0.1086 0.0543 0.2579 0.1267 
0.0304 0.2333 0.0385 0.4848 0.213 
0.0304 0.2535 0.0629 0.4645 0.1886 
0.0536 0.125 0.0298 0.7302 0.0615 
0.3724 0.2079 0.0246 0.3459 0.0491 
0.3394 0.1971 0.0292 0.3668 0.0675 
0.1252 0.1143 0.0381 0.6098 0.1125 
0.1078 0.3308 0.0473 0.3233 0.1909 
0.1619 0.381 0.0933 0.259 0.1048 
0.1603 0.337 0.0291 0.2605 0.2131 
0.0789 0.1876 0.0597 0.3902 0.2836 
0.144 0.3519 0.0494 0.249 0.2058 
0.0502 0.4582 0.0397 0.205 0.2469 
0.0368 0.2495 0.1002 0.4581 0.1554 
0.0697 0.4057 0.0779 0.2459 0.2008 
0.0894 0.0766 0.0809 0.7234 0.0298 
0.1794 0.0875 0.2319 0.3742 0.1269 
0.2817 0.2366 0.2301 0.129 0.1226 
0.096 0.6139 0.0847 0.1394 0.0659 
0.1417 0.5476 0.1146 0.0544 0.1417 
0.1774 0.3419 0.0983 0.2863 0.0962 
0.4603 0.0979 0.119 0.1852 0.1376 
0.3608 0.0934 0.0549 0.4469 0.044 
0.0906 0.3681 0.124 0.1398 0.2776 
0.075 0.1223 0.1321 0.0493 0.6213 
0.0517 0.1529 0.0496 0.6529 0.093 
0.1027 0.2558 0.086 0.4528 0.1027 
0.4587 0.1708 0.0653 0.2591 0.0461 
0.249 0.3541 0.0953 0.1829 0.1187 
0.1342 0.1111 0.0545 0.6457 0.0545 
0.193 0.1767 0.1721 0.2116 0.2465 
0.2242 0.3294 0.1369 0.1647 0.1448 
0.2283 0.315 0.0973 0.129 0.2304 
0.0319 0.1298 0.034 0.0574 0.7468 
0.0939 0.131 0.0786 0.1288 0.5677 
0.2202 0.3539 0.072 0.286 0.0679 
0.7838 0.0437 0.059 0.083 0.0306 
0.3759 0.0369 0.2826 0.2727 0.0319 
0.7553 0.0462 0.0906 0.0809 0.027 
0.5887 0.0397 0.0898 0.119 0.1628 
0.3687 0.1347 0.0309 0.3664 0.0993 
0.4624 0.1376 0.028 0.3011 0.071 
0.5839 0.0552 0.0977 0.0701 0.1932 
0.5054 0.0893 0.0654 0.1089 0.2309 
0.2617 0.1342 0.0313 0.5459 0.0268 
0.5481 0.2385 0.0209 0.1778 0.0146 
0.074 0.5762 0.0493 0.1749 0.1256 
0.0901 0.6122 0.0587 0.0671 0.1719 
0.5185 0.1176 0.0327 0.2789 0.0523 
0.0482 0.693 0.0482 0.136 0.0746 
0.1447 0.5439 0.0307 0.2018 0.0789 
0.2641 0.5368 0.026 0.119 0.0541 
0.3319 0.2702 0.0213 0.3426 0.034 
0.1945 0.3108 0.0423 0.4313 0.0211 
0.2361 0.4893 0.0236 0.1996 0.0515 
0.3083 0.1806 0.0528 0.4333 0.025 
0.603 0.1189 0.0318 0.2208 0.0255 
0.0717 0.5493 0.0493 0.1973 0.1323 
0.4026 0.2619 0.0433 0.2727 0.0195 
0.1071 0.5739 0.0471 0.1606 0.1113 
0.1159 0.6439 0.0414 0.147 0.0518 
0.09 0.0692 0.6401 0.083 0.1176 
0.3227 0.2347 0.0538 0.3594 0.0293 
0.1097 0.6004 0.0455 0.1822 0.0621 
0.5439 0.2531 0.0146 0.1548 0.0335 
0.3312 0.3528 0.0238 0.2771 0.0152 
0.1284 0.4203 0.0393 0.2112 0.2008 
0.5411 0.1775 0.0411 0.1948 0.0455 
0.4628 0.2654 0.0318 0.1953 0.0446 
0.1375 0.4324 0.0244 0.3814 0.0244 
0.0722 0.5308 0.0318 0.121 0.2442 
0.0457 0.6239 0.0261 0.063 0.2413 
0.0592 0.5022 0.0395 0.193 0.2061 
0.603 0.0849 0.0382 0.2399 0.034 
0.0735 0.6469 0.0837 0.1653 0.0306 
0.1002 0.6122 0.0305 0.0784 0.1786 
0.1158 0.6779 0.0674 0.1011 0.0379 
0.0352 0.8813 0.0154 0.0286 0.0396 
0.1604 0.5208 0.1458 0.1479 0.025 
0.0207 0.8154 0.0373 0.0539 0.0726 
0.0737 0.7811 0.0316 0.0568 0.0568 
0.0863 0.7771 0.0321 0.0683 0.0361 
0.0346 0.8493 0.0183 0.0326 0.0652 
0.0339 0.8305 0.0275 0.0297 0.0784 
0.1218 0.7836 0.0231 0.0315 0.0399 
0.2459 0.6138 0.0366 0.0833 0.0203 
0.0339 0.3962 0.0275 0.3072 0.2352 
0.2797 0.2445 0.0749 0.2819 0.1189 
0.284 0.3128 0.0535 0.1646 0.1852 
0.083 0.5404 0.0426 0.2277 0.1064 
0.1335 0.3421 0.0883 0.0883 0.3477 
0.0457 0.8 0.0543 0.0652 0.0348 
0.1451 0.1792 0.3857 0.2304 0.0597 
0.0266 0.6742 0.041 0.0307 0.2275 
0.0227 0.7252 0.0682 0.0661 0.1178 
0.0351 0.7794 0.0412 0.0412 0.1031 
0.0196 0.8562 0.0261 0.0501 0.0479 
0.0482 0.8281 0.021 0.0335 0.0692 
0.0208 0.8146 0.0375 0.0479 0.0792 
0.0379 0.6484 0.0189 0.1242 0.1705 
0.4326 0.2239 0.1385 0.1233 0.0816 
0.1793 0.1359 0.2844 0.375 0.0254 
0.094 0.3724 0.2322 0.0365 0.2649 
0.099 0.2952 0.3959 0.1706 0.0392 
0.1322 0.5517 0.046 0.092 0.1782 
0.0791 0.6102 0.0678 0.0678 0.1751 
0.11 0.42 0.08 0.24 0.15 
0.0215 0.4422 0.2723 0.2244 0.0396 
0.1635 0.7065 0.0356 0.0587 0.0356 
0.0811 0.6881 0.0249 0.1414 0.0644 
0.0296 0.4376 0.0254 0.3171 0.1903 
0.0255 0.2173 0.4431 0.2615 0.0526 
0.0198 0.4653 0.2673 0.2178 0.0297 
0.0539 0.4838 0.2157 0.1495 0.0971 
0.1815 0.4045 0.0888 0.0718 0.2533 
0.2106 0.3093 0.0171 0.0892 0.3738 
0.204 0.2353 0.0754 0.2813 0.204 
0.4394 0.1534 0.0152 0.3523 0.0398 
0.2144 0.222 0.0342 0.129 0.4004 
0.0194 0.473 0.0346 0.2829 0.1901 
0.0359 0.4219 0.019 0.3439 0.1793 
0.0679 0.4395 0.0191 0.3609 0.1125 
0.2324 0.3067 0.1124 0.0667 0.2819 
0.0953 0.3507 0.0971 0.3741 0.0827 
0.3988 0.2888 0.0845 0.1356 0.0923 
0.2187 0.1818 0.2039 0.1671 0.2285 
0.527 0.1037 0.1728 0.1469 0.0497 
0.2306 0.1401 0.2414 0.1918 0.1961 
0.4133 0.1853 0.171 0.0831 0.1473 
0.1833 0.3227 0.1335 0.2131 0.1474 
0.1077 0.2591 0.0474 0.4288 0.1569 
0.2074 0.469 0.0717 0.0407 0.2112 
0.373 0.2621 0.0685 0.1956 0.1008 
0.0789 0.2485 0.1381 0.4418 0.0927 
0.1328 0.2495 0.163 0.2777 0.1771 
0.3333 0.1414 0.0889 0.3939 0.0424 
0.3713 0.0485 0.2806 0.2532 0.0464 
0.1098 0.0955 0.4411 0.1484 0.2053 
0.2165 0.2039 0.3846 0.0411 0.1538 
0.1476 0.1437 0.3243 0.1204 0.2641 
0.503 0.0449 0.1108 0.2964 0.0449 
0.5208 0.0744 0.2173 0.0685 0.119 
0.5296 0.032 0.1281 0.2709 0.0394 
0.3604 0.1132 0.2962 0.0792 0.1509 
0.137 0.1826 0.1256 0.0685 0.4863 
0.3456 0.3417 0.0425 0.2355 0.0347 
0.1626 0.378 0.0711 0.2663 0.122 
0.2133 0.1398 0.1022 0.3136 0.2312 
0.3316 0.2487 0.1049 0.1929 0.1218 
0.2143 0.1786 0.1786 0.25 0.1786 
0.0223 0.1455 0.6421 0.1045 0.0856 
0.0327 0.0618 0.6673 0.1364 0.1018 
0.0608 0.1719 0.1069 0.1048 0.5556 
0.2718 0.0394 0.4004 0.2448 0.0436 
0.1033 0.0674 0.6931 0.0749 0.0614 
0.0223 0.0993 0.665 0.0918 0.1216 
0.0688 0.1358 0.709 0.0494 0.037 
0.042 0.1225 0.6801 0.0695 0.0859 
0.0335 0.055 0.756 0.0909 0.0646 
0.0949 0.1411 0.5304 0.1192 0.1144 
0.0642 0.2165 0.422 0.2165 0.0807 
0.0277 0.1344 0.5435 0.1225 0.1719 
0.0284 0.1157 0.5153 0.083 0.2576 
0.057 0.1373 0.5383 0.1283 0.139 
0.0694 0.2159 0.4833 0.0823 0.1491 
0.5556 0.0638 0.1831 0.1564 0.0412 
0.0388 0.1608 0.6617 0.0665 0.0721 
0.0328 0.2293 0.4323 0.0917 0.214 
0.1153 0.3201 0.3184 0.1704 0.0757 
